%YAML:1.0

image_height: 1241
image_width: 376
use_imu: 0

depth_lower_thr: 0.2
depth_upper_thr: 40.0
max_y_diff: 1

# Calibration
distortion_type: 0  # 0 for undistorted inputs, 1 for radial-tangential: [k1, k2, p1, p2, k3], 2 for equidistant/fisheye:  [k1, k2, k3, k4, 0].
cam0:
  intrinsics: [718.856, 718.856, 607.1928, 185.2157] # fx, fy, cx, cy
  distortion_coeffs: [0.0, -3.861448000000e+02, 4.538225000000e+01, -3.372877000000e+02, 0]
  T_type: 0           
  T: 
  - [4.276802385584e-04, -9.999672484946e-01, -8.084491683471e-03, -1.198459927713e-02]
  - [-7.210626507497e-03, 8.081198471645e-03, -9.999413164504e-01, -5.403984729748e-02]
  - [9.999738645903e-01, 4.859485810390e-04, -7.206933692422e-03, -2.921968648686e-01]
  - [0.0, 0.0, 0.0, 1.0]
cam1:
  intrinsics: [721.5377, 721.5377, 609.5593, 172.854] 
  distortion_coeffs: [0.0, -3.875744000000e+02, 4.485728000000e+01, -3.395242000000e+02, 0]
  T_type: 0           
  T: 
  - [2.347736981471e-04, -9.999441545438e-01, -1.056347781105e-02, -2.796816941295e-03]
  - [1.044940741659e-02, 1.056535364138e-02, -9.998895741176e-01, -7.510879138296e-02]
  - [9.999453885620e-01, 1.243653783865e-04, 1.045130299567e-02, -2.721327964059e-01]
  - [0.0, 0.0, 0.0, 1.0]


