%YAML:1.0

image_height: 1241
image_width: 376
use_imu: 0

depth_lower_thr: 0.2
depth_upper_thr: 40.0
max_y_diff: 1

# Calibration
distortion_type: 0  # 0 for undistorted inputs, 1 for radial-tangential: [k1, k2, p1, p2, k3], 2 for equidistant/fisheye:  [k1, k2, k3, k4, 0].
cam0:
  intrinsics: [721.5377, 721.5377, 609.5593, 172.854] 
  distortion_coeffs: [0.0, -3.875744000000e+02, 4.485728000000e+01, -3.395242000000e+02, 0]
  T_type: 0           
  T: 
  - [2.347736981471e-04, -9.999441545438e-01, -1.056347781105e-02, -2.796816941295e-03]
  - [1.044940741659e-02, 1.056535364138e-02, -9.998895741176e-01, -7.510879138296e-02]
  - [9.999453885620e-01, 1.243653783865e-04, 1.045130299567e-02, -2.721327964059e-01]
  - [0.0, 0.0, 0.0, 1.0]

cam1:
  intrinsics: [707.0912, 707.0912, 601.8873, 183.1104] 
  distortion_coeffs: [0.0, -3.798145000000e+02, 4.688783000000e+01, -3.334597000000e+02, 0]
  T_type: 0           
  T: 
  - [-1.857739385241e-03, -9.999659513510e-01, -8.039975204516e-03, -4.784029760483e-03]
  - [-6.481465826011e-03, 8.051860151134e-03, -9.999466081774e-01, -7.337429464231e-02]
  - [9.999773098287e-01, -1.805528627661e-03, -6.496203536139e-03, -3.339968064433e-01]
  - [0.0, 0.0, 0.0, 1.0]
